3344
6
5
5
47
195
158
108
4
150
87
153
61
111
32
102
124
48
217
139
217
166
162
133
21
56
108
127
76
247
119
54
66
217
85
212
112
26
131
250
110
231
230
238
159
39
252
89
113
57
250
68
77
15
134
139
94
62
131
224
130
36
103
91
3
48
28
60
29
116
112
222
108
196
138
231
138
50
1
61
1
243
145
208
215
106
6
31
38
38
118
138
221
227
211
232
93
201
135
52
225
32
214
134
118
203
78
202
58
183
141
149
172
1
161
169
206
51
10
239
82
208
168
131
197
2
92
219
183
4
168
13
243
126
193
105
20
188
15
156
233
61
86
5
235
95
102
214
173
135
249
6
25
181
